1.000000000000000000e+00 1.000000000000000000e+00
-1.000000000000000000e+00 -1.000000000000000000e+00
1.000000000000000000e+00 -1.000000000000000000e+00
1.000000000000000000e+00 -1.000000000000000000e+00
4000.000000000000000000e+00 4000.000000000000000000e+00
-4000.000000000000000000e+00 -4000.000000000000000000e+00
-4000.000000000000000000e+00 4000.000000000000000000e+00
4000.000000000000000000e+00 -4000.000000000000000000e+00
8000.000000000000000000e+00 8000.000000000000000000e+00
-8000.000000000000000000e+00 -8000.000000000000000000e+00
-8000.000000000000000000e+00 8000.000000000000000000e+00
8000.000000000000000000e+00 -8000.000000000000000000e+00
2000.000000000000000000e+00 2000.000000000000000000e+00
-2000.000000000000000000e+00 -2000.000000000000000000e+00
-2000.000000000000000000e+00 2000.000000000000000000e+00
2000.000000000000000000e+00 -2000.000000000000000000e+00
